237, 321, 212, 379, 201, 247, 201, 204, 298, 130
285, 229, 167, 235, 353, 176, 130, 274, 337, 192
367, 88, 235, 275, 290, 221, 141, 148, 341, 365
363, 186, 262, 247, 361, 201, 145, 168, 260, 296
247, 321, 128, 238, 210, 334, 203, 334, 344, 353
195, 273, 351, 209, 362, 216, 416, 125, 255, 185
212, 420, 110, 331, 285, 221, 277, 219, 173, 285
352, 416, 235, 319, 219, 225, 288, 387, 248, 382
316, 214, 224, 251, 220, 158, 186, 333, 296, 234
203, 201, 241, 334, 296, 214, 244, 275, 315, 192
103, 268, 276, 142, 225, 138, 278, 344, 266, 344
253, 265, 343, 165, 412, 271, 259, 303, 237, 127
225, 136, 267, 293, 39, 222, 293, 278, 290, 202
353, 27, 199, 249, 55, 240, 308, 232, 297, 298
309, 236, 413, 146, 165, 289, 221, 305, 282, 428
300, 269, 198, 341, 184, 252, 256, 186, 239, 306
230, 281, 184, 322, 266, 216, 239, 278, 228, 163
294, 324, 220, 227, 150, 260, 291, 403, 169, 73
231, 212, 324, 257, 264, 98, 193, 111, 185, 100
434, 257, 398, 278, 400, 154, 229, 190, 249, 238
336, 280, 221, 305, 110, 126, 341, 200, 296, 321
341, 285, 257, 232, 298, 239, 182, 247, 318, 304
244, 467, 221, 272, 188, 199, 283, 300, 189, 168
296, 191, 265, 399, 149, 262, 242, 324, 171, 305
259, 297, 191, 219, 285, 358, 182, 170, 238, 310
286, 205, 208, 190, 129, 260, 408, 220, 225, 428
265, 221, 243, 332, 330, 235, 179, 217, 320, 246
284, 311, 250, 152, 262, 177, 363, 126, 190, 345
157, 366, 298, 324, 207, 272, 322, 310, 236, 220
218, 181, 171, 230, 293, 200, 280, 330, 217, 345
265, 312, 269, 240, 268, 289, 248, 291, 337, 277
401, 271, 347, 155, 305, 277, 266, 213, 262, 144
306, 234, 360, 158, 212, 309, 394, 244, 262, 170
161, 253, 153, 190, 220, 300, 473, 331, 212, 300
331, 169, 253, 262, 143, 178, 135, 220, 112, 214
350, 256, 220, 274, 195, 231, 261, 243, 232, 260
291, 380, 165, 232, 366, 238, 109, 387, 163, 285
176, 308, 175, 240, 240, 184, 312, 292, 202, 255
192, 333, 185, 144, 240, 250, 232, 217, 226, 308
402, 166, 434, 147, 243, 243, 326, 233, 319, 359
278, 184, 407, 147, 216, 178, 295, 264, 282, 280
288, 199, 210, 202, 167, 255, 195, 225, 278, 298
250, 204, 367, 192, 77, 297, 204, 292, 215, 381
370, 284, 133, 352, 335, 315, 242, 136, 329, 306
189, 326, 284, 324, 240, 292, 228, 158, 369, 247
147, 177, 299, 259, 367, 133, 366, 217, 226, 291
128, 280, 269, 291, 306, 310, 309, 255, 292, 264
285, 268, 237, 339, 261, 302, 301, 227, 260, 322
184, 308, 263, 283, 177, 324, 244, 322, 219, 186
290, 217, 232, 182, 225, 246, 252, 228, 167, 275
335, 202, 274, 273, 289, 281, 220, 211, 294, 176
335, 310, 242, 222, 228, 78, 216, 221, 242, 244
316, 223, 200, 227, 394, 243, 385, 354, 157, 313
199, 203, 241, 191, 341, 260, 213, 109, 246, 263
301, 259, 293, 272, 208, 254, 331, 165, 401, 262
223, 146, 260, 218, 167, 326, 189, 297, 146, 319
274, 188, 196, 256, 241, 222, 220, 221, 142, 174
205, 310, 231, 224, 269, 240, 201, 173, 201, 132
407, 254, 344, 241, 228, 257, 280, 319, 200, 272
188, 81, 187, 389, 273, 191, 154, 252, 179, 97
191, 287, 309, 339, 250, 295, 233, 270, 286, 192
240, 336, 243, 151, 125, 217, 262, 260, 148, 261
251, 268, 367, 237, 337, 291, 340, 289, 340, 238
268, 156, 243, 282, 145, 216, 161, 307, 172, 215
275, 317, 318, 217, 319, 181, 294, 179, 139, 222
138, 267, 185, 300, 164, 243, 156, 225, 208, 262
337, 294, 353, 212, 248, 228, 217, 360, 243, 266
338, 169, 264, 228, 228, 267, 340, 339, 302, 79
150, 206, 285, 268, 286, 186, 241, 184, 108, 322
234, 271, 241, 214, 315, 207, 329, 140, 269, 191
190, 160, 295, 255, 309, 279, 164, 403, 319, 224
146, 324, 342, 219, 214, 163, 288, 256, 150, 310
257, 235, 257, 274, 345, 231, 107, 240, 235, 238
190, 207, 245, 276, 157, 301, 215, 263, 277, 264
194, 254, 373, 246, 330, 254, 400, 389, 386, 293
286, 142, 319, 320, 310, 253, 153, 107, 310, 235
212, 354, 230, 104, 293, 348, 204, 100, 141, 249
217, 318, 176, 269, 430, 253, 262, 284, 322, 183
185, 281, 215, 138, 299, 237, 206, 223, 242, 287
174, 236, 226, 134, 349, 353, 259, 260, 298, 247
386, 102, 273, 210, 133, 191, 152, 293, 335, 193
169, 272, 231, 305, 340, 264, 323, 246, 230, 151
243, 241, 170, 220, 283, 284, 297, 339, 290, 276
294, 232, 226, 280, 211, 238, 191, 307, 305, 128
286, 178, 251, 260, 259, 291, 242, 155, 299, 362
322, 294, 209, 230, 349, 126, 163, 395, 329, 174
315, 246, 308, 298, 169, 262, 411, 295, 312, 295
301, 153, 210, 205, 215, 160, 299, 419, 310, 224
269, 120, 297, 197, 303, 258, 233, 198, 231, 284
275, 232, 249, 327, 339, 208, 224, 322, 239, 215
243, 245, 250, 335, 160, 209, 305, 148, 434, 205
256, 293, 279, 313, 218, 256, 325, 206, 303, 181
321, 271, 208, 313, 241, 422, 212, 178, 218, 348
327, 180, 266, 104, 258, 281, 322, 160, 95, 288
279, 256, 226, 301, 238, 217, 331, 221, 416, 294
189, 178, 328, 102, 193, 250, 267, 204, 318, 221
343, 235, 203, 179, 245, 423, 279, 214, 320, 464
217, 177, 282, 188, 243, 148, 174, 238, 88, 251
283, 72, 170, 280, 249, 260, 246, 249, 257, 206
203, 154, 230, 238, 303, 218, 261, 301, 132, 246
285, 204, 217, 224, 166, 272, 317, 270, 217, 249
307, 173, 243, 201, 217, 218, 288, 295, 128, 230
199, 256, 290, 264, 188, 237, 166, 404, 199, 382
231, 406, 304, 265, 152, 304, 228, 275, 196, 181
239, 276, 252, 336, 186, 319, 122, 291, 285, 166
278, 391, 166, 159, 304, 427, 179, 121, 262, 205
129, 267, 275, 253, 246, 196, 152, 303, 305, 263
271, 321, 168, 182, 236, 264, 301, 255, 276, 152
217, 176, 349, 186, 218, 170, 310, 203, 217, 283
187, 229, 371, 299, 382, 209, 108, 205, 260, 222
347, 246, 298, 280, 335, 185, 212, 228, 259, 252
107, 280, 217, 279, 349, 244, 254, 199, 165, 273
258, 239, 270, 307, 266, 300, 302, 237, 314, 152
178, 235, 144, 139, 93, 197, 219, 344, 366, 111
287, 263, 135, 252, 207, 261, 190, 207, 240, 272
204, 332, 203, 154, 346, 257, 364, 214, 150, 322
148, 350, 212, 354, 374, 285, 244, 251, 280, 362
185, 140, 150, 123, 203, 270, 339, 304, 247, 197
184, 217, 184, 193, 114, 208, 186, 283, 431, 238
325, 238, 299, 323, 205, 249, 331, 117, 140, 293
271, 186, 275, 220, 247, 213, 252, 307, 200, 265
251, 149, 282, 263, 334, 259, 234, 298, 280, 358
331, 289, 239, 262, 293, 315, 190, 242, 215, 156
243, 151, 208, 369, 221, 200, 230, 254, 360, 427
193, 260, 278, 337, 205, 176, 206, 255, 235, 223
231, 224, 343, 294, 174, 287, 353, 206, 345, 70
223, 224, 259, 293, 252, 204, 334, 162, 293, 237
287, 284, 173, 130, 221, 180, 223, 239, 197, 342
167, 255, 279, 324, 71, 246, 358, 209, 249, 210
179, 235, 210, 172, 241, 211, 165, 263, 217, 352
225, 275, 214, 259, 263, 209, 165, 183, 319, 296
174, 202, 174, 375, 226, 378, 364, 268, 314, 162
193, 260, 230, 159, 185, 276, 301, 173, 320, 212
266, 275, 288, 249, 194, 281, 157, 383, 187, 224
212, 212, 237, 341, 243, 312, 208, 235, 311, 173
207, 334, 337, 346, 353, 219, 335, 302, 254, 321
174, 338, 196, 289, 254, 355, 75, 266, 240, 149
259, 206, 226, 329, 353, 205, 133, 191, 243, 167
152, 229, 362, 141, 141, 361, 161, 364, 139, 143
246, 351, 267, 284, 327, 337, 264, 272, 265, 327
289, 297, 199, 210, 382, 360, 257, 366, 248, 330
207, 363, 334, 187, 297, 182, 154, 343, 122, 199
321, 252, 220, 275, 221, 234, 289, 237, 280, 275
420, 280, 406, 225, 141, 342, 242, 305, 321, 339
192, 135, 149, 280, 230, 196, 367, 164, 246, 269
289, 215, 160, 214, 282, 294, 272, 248, 198, 274
316, 139, 348, 284, 251, 202, 259, 283, 257, 273
297, 301, 180, 247, 265, 241, 283, 268, 155, 279
284, 230, 291, 262, 316, 115, 163, 316, 254, 379
249, 220, 256, 233, 290, 152, 138, 163, 197, 258
214, 223, 148, 205, 197, 299, 308, 316, 258, 232
379, 340, 211, 279, 308, 367, 235, 405, 120, 203
259, 384, 287, 325, 378, 330, 194, 348, -13, 253
157, 361, 343, 266, 332, 97, 241, 399, 232, 328
361, 348, 155, 235, 309, 216, 329, 177, 277, 192
282, 190, 316, 341, 319, 194, 174, 152, 219, 319
285, 245, 293, 281, 290, 181, 298, 254, 219, 259
112, 294, 352, 206, 280, 285, 292, 247, 283, 244
226, 185, 409, 213, 278, 232, 371, 306, 218, 214
333, 323, 299, 153, 267, 281, 297, 268, 274, 227
313, 295, 216, 259, 165, 193, 260, 242, 253, 184
313, 226, 241, 219, 289, 259, 216, 335, 321, 278
330, 222, 370, 266, 145, 218, 243, 323, 262, 320
249, 183, 228, 242, 263, 222, 198, 210, 281, 308
244, 321, 296, 116, 293, 251, 256, 231, 254, 240
97, 277, 158, 244, 210, 406, 267, 273, 288, 270
385, 118, 159, 321, 329, 121, 180, 171, 219, 305
154, 395, 292, 275, 297, 345, 251, 120, 296, 264
310, 208, 308, 202, 253, 234, 174, 375, 300, 191
326, 146, 276, 245, 176, 191, 140, 310, 292, 191
274, 146, 266, 225, 268, 294, 430, 263, 185, 239
224, 298, 347, 154, 311, 162, 196, 380, 217, 323
178, 346, 290, 280, 251, 200, 255, 141, 253, 410
249, 197, 344, 245, 331, 371, 262, 263, 165, 272
183, 148, 237, 404, 204, 52, 262, 266, 241, 238
305, 311, 252, 334, 260, 351, 283, 244, 367, 349
231, 269, 255, 184, 236, 222, 330, 232, 371, 293
337, 250, 304, 296, 201, 344, 162, 242, 116, 216
224, 295, 145, 247, 267, 242, 254, 265, 280, 269
400, 142, 290, 326, 224, 184, 206, 291, 293, 328
171, 281, 221, 41, 256, 411, 226, 347, 346, 267
107, 321, 221, 170, 151, 219, 326, 195, 176, 276
448, 188, 132, 270, 215, 117, 195, 366, 230, 130
241, 337, 170, 317, 371, 168, 398, 172, 249, 348
213, 206, 160, 299, 223, 203, 203, 161, 377, 234
210, 233, 276, 165, 308, 313, 319, 189, 261, 226
315, 356, 280, 248, 270, 203, 215, 204, 267, 299
302, 339, 276, 100, 165, 205, 240, 277, 394, 188
293, 367, 190, 201, 125, 199, 254, 179, 112, 209
179, 162, 198, 247, 266, 12, 181, 300, 306, 293
240, 214, 316, 293, 255, 227, 358, 225, 218, 248
150, 316, 158, 311, 184, 215, 277, 289, 372, 375
310, 201, 261, 163, 203, 210, 238, 239, 300, 258
288, 260, 271, 253, 138, 262, 352, 270, 393, 187
323, 197, 53, 193, 241, 436, 407, 370, 324, 164
341, 420, 192, 271, 249, 126, 272, 306, 225, 153
177, 264, 347, 307, 447, 172, 281, 255, 187, 189
320, 250, 234, 211, 284, 220, 160, 290, 223, 93
241, 149, 435, 174, 226, 234, 241, 203, 206, 259
218, 287, 167, 343, 266, 270, 231, 320, 249, 189
372, 290, 275, 232, 290, 252, 170, 319, 284, 180
455, 186, 238, 119, 277, 279, 308, 318, 281, 222
245, 262, 228, 187, 249, 234, 265, 233, 193, 374
197, 230, 211, 204, 357, 296, 315, 241, 273, 235
426, 255, 202, 118, 348, 366, 176, 274, 324, 220
234, 259, 255, 207, 387, 301, 167, 307, 258, 307
270, 195, 315, 176, 363, 197, 154, 139, 216, 245
240, 244, 112, 317, 157, 116, 208, 222, 242, 377
331, 160, 289, 249, 235, 176, 237, 265, 227, 310
238, 243, 318, 266, 356, 295, 277, 238, 343, 320
260, 198, 502, 238, 202, 300, 242, 207, 347, 236
184, 230, 266, 329, 163, 207, 153, 295, 241, 153
214, 326, 295, 294, 197, 244, 276, 281, 253, 382
303, 219, 268, 219, 374, 161, 201, 210, 115, 250
453, 312, 320, 223, 210, 155, 290, 217, 133, 282
164, 201, 282, 273, 278, 215, 337, 384, 351, 142
230, 206, 249, 210, 298, 315, 252, 255, 357, 160
251, 307, 335, 316, 197, 216, 146, 220, 217, 200
197, 320, 254, 192, 232, 165, 217, 289, 266, 308
423, 269, 281, 160, 295, 194, 228, 218, 211, 202
285, 253, 216, 234, 275, 252, 309, 250, 73, 233
302, 319, 178, 237, 205, 169, 311, 235, 175, 237
322, 329, 212, 215, 190, 414, 256, 274, 219, 222
278, 295, 244, 318, 347, 175, 235, 220, 290, 321
158, 224, 139, 414, 222, 213, 259, 316, 288, 265
326, 276, 188, 214, 324, 341, 269, 252, 235, 302
398, 206, 328, 374, 218, 279, 320, 447, 296, 358
228, 314, 291, 157, 301, 286, 253, 245, 217, 254
290, 370, 168, 230, 173, 296, 351, 330, 245, 177
139, 154, 266, 240, 230, 331, 367, 320, 302, 177
275, 378, 201, 260, 180, 331, 244, 331, 120, 271
269, 203, 330, 283, 298, 228, 304, 305, 390, 218
164, 351, 101, 218, 219, 231, 245, 251, 194, 228
128, 259, 143, 228, 349, 311, 194, 399, 170, 284
228, 208, 165, 366, 200, 363, 259, -69, 176, 195
294, 260, 241, 276, 421, 207, 236, 300, 200, 309
259, 200, 257, 312, 208, 191, 221, 275, 77, 168
239, 248, 333, 295, 189, 319, 295, 333, 124, 229
121, 257, 301, 131, 263, 281, 302, 156, 160, 237
188, 299, 248, 392, 156, 130, 341, 328, 375, 229
213, 366, 166, 181, 337, 85, 182, 58, 288, 222
269, 274, 210, 230, 283, 270, 166, 351, 294, 245
370, 342, 366, 253, 257, 354, 237, 192, 287, 189
301, 185, 158, 384, 240, 264, 382, 77, 166, 221
163, 161, 320, 158, 338, 247, 189, 115, 159, 269
303, 270, 256, 219, 197, 301, 355, 300, 223, 284
192, 335, 240, 267, 203, 171, 238, 157, 315, 247
293, 221, 246, 298, 296, 256, 276, 265, 217, 188
181, 147, 301, 327, 195, 340, 133, 359, 197, 218
311, 179, 195, 321, 248, 389, 205, 231, 264, 328
221, 294, 222, 192, 279, 257, 164, 158, 248, 266
184, 207, 216, 195, 306, 324, 313, 340, 235, 336
327, 307, 233, 234, 216, 199, 159, 322, 166, 397
428, 217, 334, 202, 285, 239, 204, 302, 169, 204
291, 333, 340, 107, 173, 278, 336, 128, 333, 240
235, 241, 195, 190, 250, 222, 122, 222, 224, 296
338, 315, 284, 165, 252, 183, 262, 296, 332, 160
212, 252, 317, 213, 173, 81, 304, 313, 197, 346
211, 209, 362, 273, 354, 354, 252, 195, 248, 185
211, 237, 329, 301, 355, 247, 412, 288, 197, 170
199, 87, 230, 279, 336, 275, 374, 245, 267, 358
257, 177, 258, 193, 243, 301, 339, 309, 187, 198
172, 284, 163, 176, 300, 255, 181, 330, 252, 299
307, 218, 275, 299, 183, 193, 292, 155, 244, 318
251, 274, 74, 219, 243, 391, 200, 328, 209, 239
261, 272, 280, 214, 189, 252, 293, 349, 259, 361
190, 258, 307, 262, 434, 128, 286, 129, 230, 354
320, 206, 177, 340, 274, 170, 248, 271, 269, 251
182, 221, 235, 225, 184, 169, 169, 291, 227, 378
212, 225, 233, 219, 310, 282, 185, 192, 263, 186
246, 239, 211, 231, 307, 296, 268, 140, 144, 238
150, 184, 317, 272, 407, 226, 263, 127, 219, 168
366, 280, 248, 268, 257, 265, 271, 240, 167, 270
307, 307, 343, 96, 269, 260, 261, 248, 203, 209
306, 297, 251, 265, 146, 336, 254, 298, 332, 335
163, 168, 215, 274, 316, 246, 309, 113, 183, 349
276, 129, 194, 238, 145, 294, 231, 374, 372, 285
136, 225, 234, 195, 396, 278, 206, 193, 278, 179
296, 300, 281, 292, 205, 139, 221, 172, 356, 227
280, 294, 196, 247, 245, 328, 233, 174, 285, 351
391, 299, 222, 222, 257, 293, 261, 342, 243, 244
204, 269, 278, 222, 323, 328, 327, 197, 269, 233
208, 163, 289, 253, 218, 284, 146, 185, 291, 193
195, 262, 271, 282, 265, 358, 187, 224, 337, 211
331, 138, 210, 237, 284, 297, 328, 285, 302, 216
252, 245, 277, 147, 149, 108, 265, 336, 310, 315
369, 299, 289, 312, 323, 247, 208, 272, 213, 305
338, 282, 361, 180, 228, 232, 234, 118, 251, 243
256, 140, 216, 161, 303, 368, 230, 219, 198, 210
260, 245, 273, 212, 294, 244, 217, 240, 264, 236
335, 206, 308, 190, 332, 400, 232, 256, 165, 238
229, 260, 150, 336, 226, 323, 442, 238, 241, 168
233, 184, 260, 206, 367, 300, 257, 162, 240, 191
324, 177, 325, 197, 183, 210, 194, 215, 133, 159
209, 219, 401, 282, 225, 191, 142, 164, 298, 197
151, 216, 259, 154, 140, 302, 364, 65, 198, 337
192, 224, 178, 298, 271, 343, 231, 308, 276, 299
262, 302, 302, 232, 128, 217, 307, 391, 224, 237
161, 232, 186, 129, 252, 280, 235, 192, 312, 155
318, 246, 271, 310, 257, 179, 385, 210, 238, 200
146, 234, 241, 135, 299, 228, 130, 346, 189, 392
271, 308, 262, 373, 251, 180, 226, 155, 366, 240
377, 371, 250, 268, 277, 90, 188, 310, 293, 270
185, 292, 224, 229, 243, 311, 180, 267, 323, 288
351, 224, 363, 258, 175, 222, 390, 305, 311, 245
254, 90, 264, 285, 207, 395, 217, 425, 208, 391
275, 181, 305, 414, 174, 242, 327, 271, 266, 200
303, 190, 171, 328, 97, 229, 218, 174, 231, 321
221, 352, 210, 305, 285, 303, 315, 335, 252, 208
118, 224, 345, 249, 202, 319, 264, 186, 285, 293
271, 260, 224, 160, 223, 249, 252, 336, 240, 267
251, 194, 269, 453, 294, 274, 101, 237, 257, 310
102, 334, 205, 299, 215, 254, 229, 153, 270, 202
261, 265, 248, 243, 211, 175, 40, 157, 209, 326
242, 361, 299, 175, 229, 302, 286, 201, 298, 255
115, 174, 216, 257, 254, 261, 308, 302, 246, 271
296, 301, 207, 187, 254, 146, 127, 240, 299, 285
278, 158, 219, 203, 238, 141, 251, 204, 358, 344
285, 249, 288, 261, 221, 131, 343, 346, 114, 322
173, 296, 223, 123, 218, 181, 241, 210, 317, 205
168, 324, 250, 306, 240, 352, 243, 271, 390, 265
251, 398, 188, 418, 291, 351, 225, 276, 234, 215
244, 254, 235, 287, 299, 215, 345, 279, 87, 200
339, 285, 205, 280, 278, 253, 334, 87, 237, 167
287, 295, 176, 359, 294, 262, 134, 142, 365, 245
340, 167, 273, 305, 323, 321, 314, 279, 289, 276
363, 245, 278, 227, 367, 197, 209, 175, 179, 281
173, 218, 304, 265, 315, 225, 388, 287, 310, 236
371, 264, 205, 201, 194, 261, 319, 259, 239, 337
288, 221, 147, 293, 271, 299, 332, 235, 288, 83
250, 170, 142, 296, 257, 275, 162, 227, 159, 167
223, 234, 235, 349, 185, 271, 252, 233, 111, 250
263, 313, 238, 127, 212, 244, 236, 328, 208, 354
248, 216, 203, 339, 221, 315, 249, 226, 189, 332
207, 281, 274, 133, 287, -45, 260, 234, 373, 248
261, 316, 332, 267, 270, 245, 117, 245, 131, 394
30, 185, 85, 129, 291, 162, 154, 167, 190, 233
203, 274, 292, 200, 333, 337, 293, 255, 165, 342
239, 213, 192, 265, 217, 225, 245, 127, 254, 173
176, 252, 109, 177, 195, 220, 301, 310, 154, 356
187, 255, 376, 418, 283, 243, 304, 325, 308, 368
242, 272, 108, 261, 219, 352, 263, 363, 123, 344
338, 205, 265, 358, 212, 171, 329, 189, 266, 152
392, 208, 174, 165, 223, 230, 254, 291, 260, 212
182, 223, 178, 371, 259, 335, 108, 304, 320, 214
324, 330, 263, 251, 179, 207, 197, 189, 294, 201
241, 103, 126, 83, 221, 204, 316, 186, 226, 142
159, 140, 106, 226, 67, 326, 229, 178, 272, 311
213, 346, 440, 354, 268, 209, 58, 203, 256, 352
114, 210, 217, 267, 261, 305, 303, 292, 312, 220
304, 352, 121, 272, 251, 108, 175, 352, 190, 203
331, 195, 359, 357, 145, 218, 283, 112, 222, 395
253, 211, 209, 277, 256, 171, 348, 221, 216, 161
218, 126, 359, 272, 245, 303, 245, 229, 182, 273
331, 290, 289, 269, 245, 342, 252, 361, 339, 241
261, 230, 249, 236, 230, 203, 328, 207, 157, 246
297, 151, 357, 260, 225, 222, 245, 170, 281, 276
293, 231, 236, 161, 322, 257, 234, 237, 88, 230
412, 272, 418, 94, 321, 185, 212, 266, 235, 338
202, 242, 133, 263, 182, 385, 137, 277, 142, 237
323, 159, 285, 358, 288, 263, 192, 309, 416, 318
286, 275, 243, 314, 300, 313, 211, 308, 217, 238
265, 279, 247, 228, 265, 164, 335, 280, 200, 289
342, 347, 301, 245, 229, 388, 263, 274, 291, 50
215, 196, 211, 179, 106, 284, 247, 228, 272, 231
248, 287, 250, 251, 322, 259, 167, 102, 179, 306
220, 302, 199, 193, 256, 160, 394, 317, 164, 299
257, 258, 277, 247, 260, 238, 205, 229, 361, 193
301, 277, 131, 241, 107, 214, 277, 190, 185, 161
281, 239, 185, 341, 180, 214, 233, 225, 395, 392
291, 133, 281, 249, 189, 180, 163, 196, 306, 275
292, 330, 413, 244, 240, 184, 217, 165, 333, 287
231, 214, 200, 234, 233, 71, 103, 246, 222, 268
387, 281, 285, 202, 416, 211, 251, 330, 312, 176
153, 323, 337, 329, 245, 304, 161, 207, 252, 360
272, 351, 244, 336, 283, 102, 197, 112, 187, 148
239, 271, 156, 281, 220, 345, 334, 244, 268, 292
213, 252, 259, 279, 341, 328, 282, 192, 89, 301
277, 300, 234, 319, 291, 165, 264, 273, 205, 336
170, 209, 255, 244, 248, 305, 289, 317, 245, 247
306, 240, 387, 257, 353, 189, 187, 166, 314, 152
271, 207, 273, 338, 351, 223, 248, 257, 104, 349
214, 313, 350, 346, 178, 262, 356, 265, 209, 237
455, 309, 408, 228, 120, 334, 243, 216, 116, 271
286, 215, 99, 187, 288, 241, 216, 311, 330, 232
237, 149, 205, 261, 162, 306, 267, 196, 351, 286
238, 227, 253, 184, 258, 432, 268, 295, 205, 251
205, 218, 288, 272, 203, 206, 221, 341, 89, 190
210, 358, 265, 96, 246, 241, 281, 320, 175, 320
183, 201, 230, 270, 182, 234, 349, 280, 178, 309
227, 355, 339, 157, 298, 162, 314, 215, 266, 225
330, 233, 239, 248, 314, 299, 232, 167, 169, 207
258, 491, 336, 243, 182, 335, 229, 315, 241, 173
209, 260, 262, 349, 183, 262, 159, 218, 211, 271
140, 307, 279, 256, 191, 385, 356, 329, 234, 275
186, 309, 145, 242, 353, 297, 290, 154, 199, 369
359, 201, 228, 325, 317, 235, 179, 204, 243, 217
328, 245, 89, 171, 319, 299, 352, 275, 174, 207
354, 248, 404, 241, 311, 287, 169, 169, 290, 189
219, 349, 269, 286, 248, 394, 239, 185, 292, 344
250, 224, 157, 181, 214, 319, 106, 343, 157, 128
294, 92, 374, 186, 409, 362, 365, 196, 342, 368
226, 234, 227, 191, 302, 329, 283, 301, 277, 210
299, 212, 238, 363, 164, 184, 309, 222, 82, 269
305, 276, 283, 287, 230, 142, 357, 304, 238, 248
326, 237, 239, 117, 255, 166, 307, 216, 207, 256
197, 221, 207, 340, 292, 308, 152, 405, 306, 282
385, 254, 190, 272, 172, 258, 152, 248, 291, 315
220, 265, 193, 309, 331, 176, 291, 191, 180, 368
287, 251, 249, 195, 258, 274, 156, 201, 213, 176
207, 262, 241, 353, 221, 141, 215, 224, 161, 89
262, 232, 188, 238, 235, 237, 160, 181, 320, 264
307, 311, 120, 167, 175, 173, 187, 276, 258, 224
38, 163, 246, 227, 163, 222, 204, 205, 286, 325
240, 257, 275, 334, 236, 319, 341, 175, 360, 185
193, 186, 251, 287, 247, 273, 247, 276, 327, 151
347, 344, 127, 247, 190, 255, 236, 207, 193, 346
254, 122, 275, 270, 325, 320, 177, 252, 204, 359
264, 263, 227, 104, 167, 288, 340, 291, 189, 288
270, 278, 306, 114, 251, 329, 394, 265, 181, 311
95, 380, 181, 315, 348, 141, 135, 189, 267, 321
245, 251, 216, 80, 195, 223, 232, 313, 278, 413
263, 194, 286, 240, 265, 265, 321, 327, 240, 153
201, 252, 247, 307, 219, 273, 233, 262, 129, 152
221, 185, 189, 224, 231, 243, 335, 337, 280, 229
230, 272, 246, 227, 280, 300, 289, 357, 156, 271
241, 263, 284, 256, 255, 430, 253, 248, 245, 210
181, 260, 300, 219, 326, 223, 284, 243, 246, 318
352, 319, 283, 294, 287, 229, 192, 115, 332, 296
289, 208, 281, 253, 341, 357, 339, 204, 277, 269
174, 275, 290, 261, 277, 261, 305, 378, 385, 299
264, 189, 262, 368, 288, 126, 392, 257, 220, 254
229, 245, 244, 206, 246, 242, 309, 311, 218, 349
271, 230, 250, 280, 275, 146, 118, 397, 374, 168
199, 242, 157, 217, 242, 245, 353, 250, 223, 258
365, 361, 145, 254, 176, 200, 256, 185, 352, 226
194, 287, 348, 251, 264, 262, 327, 255, 288, 279
239, 243, 213, 99, 258, 199, 239, 257, 227, 279
209, 317, 174, 220, 306, 197, 246, 194, 433, 279
288, 408, 271, 400, 181, 299, 293, 253, 299, 307
245, 284, 304, 191, 206, 332, 203, 344, 358, 237
219, 216, 376, 300, 285, 324, 242, 255, 159, 268
209, 180, 295, 209, 279, 238, 296, 328, 285, 290
263, 133, 261, 154, 246, 213, 18, 254, 335, 282
305, 266, 177, 196, 274, 291, 179, 194, 241, 180
270, 206, 223, 239, 298, 183, 170, 104, 268, 256
290, 389, 267, 377, 283, 158, 288, 157, 281, 264
238, 232, 198, 179, 328, 220, 273, 334, 342, 312
140, 240, 189, 262, 182, 294, 125, 256, 256, 231
273, 306, 179, 291, 285, 306, 268, 370, 404, 262
179, 227, 397, 317, 244, 177, 260, 260, 215, 226
235, 321, 237, 341, 306, 297, 174, 337, 177, 240
357, 367, 206, 159, 286, 294, 231, 221, 312, 273
203, 298, 119, 211, 336, 289, 338, 249, 16, 332
278, 337, 187, 227, 125, 266, 164, 206, 384, 348
328, 229, 277, 205, 288, 183, 265, 248, 266, 161
244, 173, 306, 117, 226, 373, 265, 282, 255, 151
268, 158, 326, 237, 227, 167, 225, 351, 256, 253
275, 233, 208, 90, 302, 324, 151, 271, 266, 294
45, 255, 275, 240, 184, 450, 241, 120, 267, 240
340, 199, 358, 355, 255, 205, 278, 280, 234, 191
183, 212, 274, 324, 278, 185, 327, 282, 132, 298
171, 205, 248, 311, 333, 249, 257, 255, 233, 208
233, 274, 276, 228, 161, 236, 246, 367, 328, 389
183, 236, 232, 220, 285, 271, 369, 282, 305, 292
256, 185, 193, 260, 481, 219, 275, 182, 277, 217
299, 298, 339, 293, 148, 273, 94, 192, 243, 214
233, 150, 215, 170, 203, 213, 274, 194, 300, 234
335, 130, 266, 198, 106, 301, 272, 231, 244, 190
161, 131, 173, 143, 161, 326, 370, 350, 260, 249
290, 417, 266, 167, 171, 150, 315, 309, 309, 236
178, 310, 193, 256, 283, 392, 250, 351, 310, 294
125, 240, 129, 299, 250, 148, 258, 411, 177, 308
292, 187, 246, 182, 262, 278, 292, 303, 161, 276
184, 375, 158, 227, 225, 151, 273, 358, 289, 321
217, 167, 145, 264, 268, 259, 93, 274, 364, 340
286, 257, 274, 290, 315, 284, 309, 310, 186, 256
314, 245, 174, 246, 161, 339, 273, 191, 168, 288
202, 116, 255, 229, 238, 283, 312, 177, 332, 262
289, 269, 257, 249, 217, 357, 203, 266, 258, 283
350, 277, 340, 192, 218, 144, 400, 87, 318, 296
236, 225, 162, 171, 251, 235, 191, 278, 257, 289
168, 260, 289, 286, 229, 76, 424, 244, 352, 290
240, 284, 227, 316, 323, 281, 301, 322, 384, 324
303, 293, 241, 335, 236, 228, 244, 90, 254, 238
265, 200, 216, 257, 220, 273, 268, 295, 267, 242
308, 177, 248, 373, 271, 408, 184, 198, 407, 363
223, 313, 221, 288, 117, 226, 282, 268, 297, 283
338, 188, 126, 299, 205, 274, 228, 279, 179, 242
166, 215, 240, 160, 278, 67, 265, 321, 95, 295
284, 238, 336, 197, 267, 341, 312, 183, 188, 237
287, 197, 157, 215, 277, 238, 227, 225, 298, 256
199, 127, 179, 225, 206, 200, 295, 328, 384, 182
265, 148, 209, 352, 290, 406, 338, 376, 222, 223
252, 375, 261, 193, 160, 345, 350, 106, 212, 242
185, 308, 330, 297, 151, 334, 318, 250, 216, 301
303, 252, 300, -54, 316, 250, 236, 165, 223, 208
220, 278, 235, 184, 201, 252, 321, 217, 217, 182
252, 233, 107, 173, 161, 256, 228, 290, 300, 250
233, 260, 195, 41, 290, 264, 282, 291, 197, 146
185, 276, 296, 149, 239, 175, 128, 162, 241, 159
213, 315, 193, 209, 360, 237, 231, 304, 243, 289
251, 218, 197, 158, 206, 232, 294, 215, 192, 266
232, 243, 165, 187, 260, 213, 280, 317, 260, 397
238, 283, 180, 214, 280, 338, 249, 302, 238, 231
293, 265, 214, 164, 195, 293, 258, 237, 244, 238
226, 229, 159, 231, 164, 384, 285, 296, 200, 265
326, 186, 238, 218, 206, 223, 253, 340, 276, 251
204, 265, 189, 188, 290, 211, 267, 337, 191, 236
212, 219, 213, 251, 123, 258, 124, 213, 213, 252
205, 355, 249, 339, 361, 301, 203, 253, 169, 357
167, 226, 307, 319, 267, 188, 344, 238, 261, 166
154, 201, 202, 287, 260, 315, 230, 226, 270, 158
258, 315, 197, 256, 234, 208, 254, 222, 290, 288
286, 322, 373, 233, 227, 224, 199, 264, 168, 287
313, 234, 331, 194, 280, 148, 290, 213, 299, 210
298, 293, 68, 332, 152, 244, 225, 226, 248, 350
167, 212, 331, 211, 231, 273, 185, 279, 353, 212
174, 334, 293, 176, 181, 302, 261, 224, 255, 144
180, 231, 270, 188, 203, 207, 290, 196, 192, 146
278, 140, 233, 285, 254, 344, 320, 281, 211, 374
176, 327, 271, 276, 238, 450, 436, 379, 312, 214
134, 358, 299, 221, 222, 328, 176, 207, 259, 341
81, 307, 298, 221, 280, 426, 75, 246, 302, 163
201, 259, 323, 209, 100, 185, 325, 301, 239, 177
177, 255, 281, 276, 267, 246, 282, 198, 215, 210
220, 316, 316, 257, 245, 222, 354, 239, 244, 153
272, 203, 321, 177, 281, 124, 217, 177, 186, 162
199, 274, 296, 234, 329, 147, 177, 180, 259, 329
313, 281, 273, 240, 225, 256, 278, 226, 185, 198
246, 353, 263, 254, 136, 121, 280, 245, 189, 258
292, 159, 228, 225, 210, 338, 27, 243, 210, 215
338, 210, 302, 226, 279, 250, 185, 249, 294, 273
318, 270, 425, 200, 346, 298, 220, 160, 271, 276
342, 256, 238, 225, 220, 216, 323, 285, 164, 349
164, 399, 320, 283, 307, 241, 254, 182, 161, 285
221, 53, 131, 280, 252, 313, 209, 193, 225, 129
173, 270, 240, 233, 258, 139, 189, 312, 292, 229
186, 316, 222, 170, 212, 262, 322, 243, 262, 247
288, 335, 133, 326, 200, 291, 322, 115, 287, 210
320, 358, 334, 234, 164, 345, 166, 230, 219, 334
281, 335, 263, 206, 240, 225, 241, 174, 270, 100
354, 275, 223, 233, 255, 177, 139, 249, 272, 247
246, 95, 292, 173, 407, 238, 169, 335, 316, 283
190, 254, 264, 143, 192, 205, 267, 142, 258, 261
329, 397, 263, 181, 304, 243, 216, 316, 154, -39
255, 248, 276, 346, 271, 327, 243, 245, 205, 377
282, 214, 221, 274, 290, 184, 268, 242, 346, 63
189, 324, 286, 203, 244, 221, 200, 412, 261, 275
160, 297, 458, 219, 150, 297, 190, 219, 298, 175
301, 286, 295, 268, 251, 214, 222, 127, 292, 178
294, 296, 298, 249, 269, 249, 252, 255, 314, 101
137, 188, 274, 274, 303, 168, 217, 249, 152, 375
296, 279, 267, 266, 201, 167, 275, 257, 251, 168
267, 202, 346, 250, 257, 171, 285, 145, 272, 270
290, 191, 193, 202, 213, 314, 274, 341, 308, 236
176, 301, 208, 325, 203, 229, 104, 409, 221, 167
322, 133, 212, 359, 140, 205, 242, 229, 195, 209
220, 218, 177, 243, 183, 233, 254, 274, 197, 293
239, 258, 193, 251, 359, 193, 282, 178, 312, 237
226, 209, 242, 256, 327, 330, 283, 344, 282, 199
230, 116, 229, 257, 268, 243, 260, 366, 182, 255
234, 342, 263, 208, 282, 194, 211, 185, 241, 221
156, 237, 173, 211, 160, 245, 240, 238, 227, 77
262, 150, 374, 356, 202, 310, 158, 197, 252, 346
369, 215, 326, 311, 218, 366, 284, 280, 250, 301
254, 290, 208, 162, 256, 209, 224, 253, 204, 341
170, 230, 269, 414, 150, 314, 283, 300, 220, 412
239, 300, 227, 314, 449, 347, 402, 370, 219, 226
172, 170, 364, 210, 299, 155, 177, 258, 99, 231
322, 350, 273, 288, 323, 442, 398, 191, 188, 359
240, 292, 241, 294, 249, 276, 312, 167, 394, 285
183, 339, 187, 291, 220, 345, 297, 277, 262, 413
189, 440, 217, 239, 318, 227, 190, 264, 222, 253
185, 297, 316, 249, 307, 288, 248, 410, 150, 339
127, 190, 256, 314, 302, 202, 331, 273, 276, 338
212, 283, 246, 214, 237, 244, 176, 295, 254, 373
223, 246, 134, 235, 286, 342, 150, 93, 304, 212
127, 306, 105, 192, 282, 238, 249, 343, 261, 185
140, 157, 317, 286, 271, 223, 247, 273, 322, 358
262, 274, 233, 157, 234, 313, 196, 254, 212, 212
411, 189, 314, 273, 250, 214, 235, 376, 199, 244
233, 316, 262, 184, 163, 282, 302, 47, 226, 100
235, 204, 223, 238, 234, 178, 190, 244, 131, 196
376, 289, 181, 305, 242, 245, 127, 201, 114, 343
257, 371, 335, 334, 364, 291, 183, 272, 269, 335
227, 406, 300, 368, 329, 121, 304, 244, 259, 201
158, 271, 138, 193, 265, 338, 140, 306, 350, 261
221, 227, 339, 190, 169, 333, 128, 183, 242, 208
286, 288, 235, 328, 217, 213, 254, 264, 243, 229
406, 257, 215, 297, 301, 239, 141, 246, 245, 278
134, 289, 310, 238, 238, 194, 236, 93, 179, 191
181, 369, 185, 207, 261, 187, 216, 385, 200, 291
192, 252, 231, 78, 260, 329, 200, 214, 214, 405
306, 302, 230, 320, 216, 248, 214, 247, 155, 337
220, 181, 265, 110, 181, 210, 309, 182, 254, 268
239, 297, 347, 215, 239, 168, 222, 257, 209, 268
176, 114, 155, 146, 250, 166, 267, 317, 323, 134
187, 263, 238, 376, 274, 213, 330, 329, 308, 306
356, 261, 312, 210, 150, 101, 236, 257, 329, 264
229, 189, 255, 237, 202, 230, 229, 261, 282, 248
200, 161, 166, 146, 271, 309, 276, 356, 277, 164
284, 311, 253, 244, 281, 216, 309, 166, 313, 329
296, 224, 301, 212, 256, 303, 247, 333, 242, 283
272, 203, 343, 249, 238, 292, 277, 100, 185, 237
252, 197, 252, 304, 253, 277, 167, 300, 286, 249
259, 187, 208, 164, 287, 242, 284, 242, 155, 280
231, 309, 120, 316, 285, 152, 238, 219, 285, 233
352, 242, 284, 227, 217, 263, 293, 207, 183, 254
301, 369, 293, 287, 245, 253, 299, 211, 116, 246
297, 311, 232, 251, 370, 146, 287, 160, 147, 285
218, 173, 345, 214, 293, 141, 171, 197, 295, 120
291, 277, 322, 290, 313, 332, 252, 356, 125, 196
241, 183, 164, 477, 269, 357, 176, 203, 233, 187
98, 409, 248, 156, 215, 291, 76, 354, 362, 123
309, 244, 144, 248, 231, 318, 127, 288, 329, 257
223, 282, 135, 236, 198, 274, 221, 265, 343, 239
286, 203, 177, 296, 290, 348, 234, 120, 339, 228
106, 284, 340, 261, 240, 322, 308, 273, 371, 267
328, 339, 195, 143, 229, 312, 145, 178, 203, 282
293, 343, 155, 136, 313, 355, 268, 247, 285, 253
176, 365, 129, 233, 247, 250, 322, 251, 328, 132
160, 184, 294, 323, 258, 187, 326, 236, 237, 145
225, 190, 341, 222, 299, 333, 285, 225, 255, 411
332, 253, 292, 318, 286, 246, 189, 210, 216, 226
182, 137, 172, 175, 144, 169, 120, 181, 348, 190
121, 283, 231, 212, 179, 246, 144, 128, 284, 230
264, 229, 371, 110, 176, 270, 225, 172, 223, 158
294, 301, 358, 131, 251, 303, 421, 239, 295, 313
259, 163, 181, 265, 346, 281, 217, 319, 278, 202
199, 137, 249, 301, 157, 375, 305, 191, 145, 282
283, 362, 298, 183, 305, 186, 260, 303, 170, 297
111, 264, 308, 235, 261, 231, 300, 267, 365, 179
260, 338, 324, 194, 294, 111, 201, 350, 178, 213
349, 168, 249, 253, 217, 170, 82, 161, 232, 197
376, 145, 154, 257, 165, 236, 203, 261, 242, 92
259, 293, 257, 182, 279, 340, 265, 329, 232, 340
285, 335, 284, 269, 360, 284, 307, 153, 271, 202
201, 215, 196, 319, 335, 266, 314, 211, 165, 280
478, 295, 420, 341, 303, 506, 311, 225, 179, 249
318, 333, 278, 337, 222, 213, 217, 240, 151, 343
244, 271, 190, 207, 354, 308, 178, 216, 327, 110
295, 242, 197, 179, 257, 304, 261, 393, 308, 315
288, 144, 317, 100, 344, 315, 200, 231, 313, 241
208, 280, 248, 334, 274, 204, 204, 320, 228, 193
97, 307, 313, 346, 285, 274, 236, 158, 374, 227
242, 185, 268, 441, 289, 246, 239, 283, 262, 184
336, 310, 261, 272, 249, 126, 200, 300, 218, 314
164, 248, 241, 315, 279, 295, 393, 245, 284, 258
223, 141, 256, 426, 326, 246, 78, 266, 194, 339
292, 219, 295, 174, 291, 237, 212, 105, 252, 283
205, 186, 254, 260, 194, 359, 205, 315, 214, 155
133, 185, 219, 257, 328, 342, 176, 167, 186, 274
277, 281, 216, 253, 312, 287, 252, 320, 275, 260
188, 358, 184, 247, 168, 236, 275, 268, 273, 224
227, 275, 205, 208, 278, 274, 236, 223, 311, 284
297, 239, 209, 148, 210, 263, 216, 285, 232, 305
132, 298, 215, 387, 226, 196, 399, 353, 233, 247
321, 178, 326, 186, 248, 163, 327, 258, 219, 331
227, 140, 282, 272, 361, 249, 120, 215, 263, 294
217, 275, 311, 295, 178, 233, 276, 290, 132, 286
165, 239, 206, 291, 266, 149, 186, 229, 342, 294
319, 220, 182, 228, 242, 210, 255, 202, 293, 321
264, 243, 416, 398, 165, 252, 170, 245, 274, 231
287, 138, 355, 294, 219, 331, 257, 391, 206, 391
311, 363, 308, 241, 256, 411, 139, 199, 183, 304
230, 262, 262, 258, 356, 163, 381, 303, 305, 192
228, 351, 260, 229, 196, 282, 214, 257, 293, 212
211, 197, 81, 236, 273, 212, 335, 139, 251, 256
368, 249, 248, 174, 301, 213, 276, 272, 305, 226
187, 317, 186, 149, 347, 177, 285, 281, 276, 241
201, 363, 313, 178, 280, 293, 191, 225, 228, 340
129, 278, 146, 332, 251, 185, 330, 345, 317, 283
193, 134, 410, 368, 374, 263, 325, 256, 213, 274
289, 278, 329, 293, 310, 182, 109, 344, 281, 224
257, 225, 334, 325, 208, 180, 224, 309, 297, 169
209, 378, 289, 212, 231, 170, 280, 214, 180, 142
411, 139, 193, 219, 205, 360, 304, 296, 240, 207
314, 212, 58, 302, 254, 279, 207, 188, 212, 294
176, 296, 67, 238, 432, 381, 283, 387, 232, 237
348, 215, 220, 152, 155, 345, 202, 230, 233, 117
217, 221, 303, 384, 272, 178, 236, 223, 210, 181
310, 340, 91, 244, 134, 354, 300, 367, 281, 359
210, 182, 242, 280, 145, 184, 176, 351, 233, 250
291, 258, 222, 324, 187, 154, 225, 352, 283, 237
279, 302, 199, 195, 221, 300, 364, 371, 194, 321
126, 187, 238, 330, 191, 281, 194, 205, 230, 236
220, 185, 144, 303, 250, 204, 280, 164, 260, 299
302, 349, 185, 162, 231, 237, 237, 143, 216, 281
288, 300, 228, 388, 347, 355, 151, 378, 209, 239
267, 196, 270, 301, 171, 171, 126, 228, 253, 267
298, 273, 151, 290, 299, 227, 219, 292, 185, 277
305, 300, 281, 274, 266, 286, 286, 307, 158, 363
244, 233, 125, 214, 360, 320, 317, 367, 262, 133
66, 293, 428, 186, 275, 227, 227, 182, 270, 245
275, 331, 234, 239, 332, 389, 222, 144, 217, 357
175, 292, 292, 216, 233, 292, 267, 289, 234, 355
236, 274, 275, 168, 317, 260, 195, 227, 232, 228
295, 352, 228, 257, 257, 319, 336, 141, 263, 349
147, 168, 198, 243, 230, 273, 267, 266, 311, 363
189, 241, 268, 248, 336, 141, 311, 238, 169, 345
300, 261, 302, 294, 379, 212, 259, 195, 250, 232
246, 226, 245, 215, 230, 214, 225, 232, 210, 236
228, 210, 314, 279, 144, 225, 150, 251, 195, 160
263, 319, 279, 274, 303, 199, 216, 330, 160, 341
188, 211, 101, 284, 197, 196, 325, 368, 295, 320
321, 269, 209, 298, 343, 314, 227, 298, 242, 280
246, 286, 322, 184, 152, 201, 89, 290, 216, 311
266, 220, 251, 193, 176, 312, 304, 90, 143, 231
238, 262, 178, 251, 316, 181, 208, 250, 259, 250
305, 332, 239, 200, 250, 245, 282, 234, 252, 239
303, 146, 240, 169, 202, 190, 318, 303, 451, 240
233, 231, 183, 338, 203, 265, 215, 248, 248, 228
263, 326, 358, 177, 160, 231, 164, 188, 245, 290
260, 322, 277, 238, 315, 281, 293, 269, 292, 288
131, 294, 312, 343, 289, 295, 279, 314, 298, 252
275, 288, 238, 256, 446, 330, 185, 306, 216, 117
294, 164, 290, 190, 246, 240, 213, 298, 173, 281
327, 437, 262, 224, 336, 273, 210, 312, 174, 292
284, 286, 289, 203, 306, 173, 174, 231, 291, 150
195, 219, 283, 288, 212, 324, 180, 171, 244, 272
262, 201, 232, 220, 310, 227, 281, 378, 257, 102
265, 339, 335, 251, 220, 219, 155, 300, 263, 217
239, 193, 114, 306, 225, 191, 210, 164, 159, 284
192, 204, 289, 273, 108, 216, 180, 238, 259, 217
299, 321, 305, 332, 269, 473, 154, 200, 254, 338
216, 353, 291, 173, 235, 230, 133, 247, 248, 209
207, 295, 222, 286, 79, 195, 331, 280, 153, 379
191, 226, 345, 179, 254, 191, 241, 291, 194, 123
370, 374, 348, 266, 195, 312, 329, 183, 288, 340
294, 295, 305, 303, 314, 238, 241, 277, 264, 192
277, 224, 221, 255, 346, 190, 411, 186, 495, 240
167, 304, 336, 196, 338, 333, 317, 268, 164, 324
164, 149, 341, 229, 253, 166, 94, 401, 286, 288
312, 316, 249, 339, 233, 190, 331, 205, 221, 211
54, 100, 229, 126, 260, 242, 258, 305, 153, 219
112, 271, 270, 420, 250, 251, 189, 322, 193, 140
365, 297, 240, 181, 244, 166, 266, 354, 312, 231
227, 259, 198, 94, 211, 209, 348, 236, 171, 331
159, 301, 228, 180, 270, 260, 322, 291, 284, 140
136, 248, 249, 173, 401, 208, 188, 255, 215, 234
245, 217, 295, 259, 109, 171, 274, 341, 235, 248
241, 203, 289, 240, 251, 384, 269, 305, 235, 235
273, 217, 272, 266, 261, 240, 233, 152, 219, 166
168, 255, 286, 330, 279, 217, 247, 307, 217, 163
251, 323, 255, 340, 163, 187, 214, 282, 297, 228
227, 193, 211, 244, 294, 310, 271, 202, 315, 194
254, 412, 174, 193, 208, 210, 305, 180, 179, 196
177, 315, 251, 279, 202, 208, 303, 158, 142, 315
312, 313, 289, 258, 190, 272, 302, 191, 223, 156
372, 213, 53, 279, 133, 319, 348, 247, 122, 339
314, 281, 288, 238, 257, 363, 131, 144, 190, 220
272, 390, 276, 236, 379, 186, 239, 324, 137, 168
194, 191, 252, 286, 265, 295, 256, 315, 334, 343
316, 272, 277, 316, 265, 282, 214, 297, 234, 115
257, 164, 304, 245, 222, 314, 159, 224, 150, 280
215, 273, 434, 270, 321, 226, 211, 355, 252, 276
224, 228, 229, 253, 163, 183, 310, 372, 294, 196
304, 280, 332, 156, 217, 97, 197, 219, 148, 264
320, 375, 260, 271, 155, 141, 319, 367, 285, 135
178, 251, 273, 251, 149, 300, 342, 153, 302, 219
382, 165, 267, 249, 247, 181, 183, 271, 79, 202
269, 256, 203, 226, 196, 318, 319, 263, 352, 220
321, 261, 206, 142, 179, 314, 264, 298, 303, 216
321, 277, 329, 249, 74, 210, 299, 284, 226, 276
292, 299, 188, 236, 153, 251, 280, 177, 192, 310
206, 362, 165, 347, 164, 252, 255, 297, 220, 303
213, 151, 276, 322, 238, 199, 192, 343, 358, 333
280, 113, 188, 238, 249, 190, 173, 296, 198, 224
234, 294, 310, 293, 243, 149, 115, 293, 94, 280
312, 171, 181, 220, 244, 188, 274, 305, 287, 193
255, 386, 273, 177, 175, 323, 167, 231, 187, 233
256, 203, 126, 345, 200, 260, 224, 349, 318, 368
248, 266, 220, 324, 271, 261, 101, 257, 228, 146
241, 225, 251, 207, 167, 350, 310, 362, 305, 234
440, 237, 230, 240, 234, 319, 185, 267, 248, 262
323, 271, 274, 257, 288, 319, 291, 175, 146, 211
307, 189, 165, 311, 84, 293, 70, 229, 283, 211
270, 476, 238, 344, 252, 229, 189, 247, 143, 293
172, 345, 160, 213, 249, 197, 261, 214, 254, 380
292, 107, 314, 273, 272, 282, 194, 173, 336, 248
316, 290, 225, 358, 199, 298, 272, 174, 239, 339
283, 141, 447, 229, 195, 233, 266, 196, 297, 208
308, 190, 300, 134, 369, 303, 319, 330, 245, 328
237, 274, 322, 118, 255, 364, 205, 238, 298, 260
384, 151, 229, 182, 282, 222, 233, 287, 247, 279
258, 349, 264, 253, 255, 267, 242, 235, 167, 339
337, 201, 267, 186, 287, 281, 298, 281, 148, 221
251, 164, 298, 280, 316, 294, 262, 157, 363, 150
225, 267, 254, 199, 243, 305, 311, 77, 302, 267
282, 320, 424, 279, 279, 195, 186, 152, 339, 267
181, 86, 201, 244, 205, 334, 226, 269, 306, 247
239, 183, 154, 145, 259, 207, 221, 336, 293, 224
335, 206, 93, 138, 332, 189, 375, 267, 202, 275
169, 280, 330, 213, 183, 198, 192, 261, 221, 233
210, 231, 279, 232, 350, 319, 197, 239, 332, 167
237, 121, 217, 183, 213, 153, 215, 197, 282, 316
289, 80, 270, 83, 249, 416, 177, 311, 208, 176
332, 381, 130, 309, 253, 363, 262, 190, 149, 316
418, 287, 266, 131, 231, 164, 292, 219, 274, 240
200, 199, 326, 231, 157, 152, 258, 177, 277, 230
130, 264, 175, 232, 193, 402, 182, 265, 372, 271
152, 87, 334, 227, 278, 188, 142, 170, 157, 309
191, 282, 350, 262, 290, 244, 275, 280, 222, 295
166, 320, 249, 182, 218, 240, 246, 288, 230, 330
196, 263, 283, 120, 286, 309, 265, 259, 177, 255
239, 290, 167, 307, 234, 255, 242, 238, 356, 288
182, 464, 300, 141, 160, 184, 285, 121, 102, 268
322, 212, 258, 299, 271, 233, 200, 239, 262, 191
285, 227, 251, 272, 240, 284, 328, 172, 249, 298
151, 146, 269, 270, 286, 251, 328, 284, 285, 327
289, 164, 273, 251, 324, 174, 207, 265, 264, 271
170, 233, 390, 198, 64, 255, 325, 292, 174, 278
321, 279, 296, 271, 240, 329, 160, 242, 242, 148
306, 403, 311, 294, 189, 278, 348, 244, 232, 335
223, 224, 160, 319, 288, 270, 213, 261, 240, 257
207, 213, 306, 169, 283, 293, 286, 366, 173, 263
164, 277, 309, 364, 303, 206, 285, 293, 337, 160
252, 246, 209, 172, 347, 237, 293, 164, 157, 186
174, 159, 299, 311, 232, 218, 233, 222, 376, 314
267, 288, 205, 220, 238, 219, 172, 331, 292, 217
237, 250, 155, 244, 173, 274, 297, 264, 241, 231
203, 192, 344, 274, 208, 328, 339, 341, 297, 250
254, 213, 202, 190, 117, 226, 209, 141, 149, 126
183, 306, 151, 178, 308, 297, 250, 152, 348, 246
359, 302, 299, 248, 229, 256, 368, 184, 253, 354
290, 253, 237, 261, 192, 153, 301, 368, 242, 279
270, 251, 288, 201, 172, 200, 397, 260, 316, 181
332, 194, 173, 270, 198, 202, 226, 197, 338, 224
287, 237, 161, 292, 240, 359, 358, 272, 260, 169
210, 227, 268, 342, 346, 237, 176, 177, 291, 352
327, 171, 232, 290, 230, 255, 173, 335, 288, 272
222, 282, 228, 232, 261, 294, 146, 202, 326, 241
240, 194, 197, 186, 183, 205, 242, 306, 98, 169
364, 202, 276, 218, 250, 214, 360, 91, 291, 355
301, 183, 275, 260, 274, 354, 343, 239, 304, 213
332, 232, 317, 193, 243, 144, 217, 361, 337, 228
140, 291, 300, 252, 278, 181, 207, 272, 294, 260
245, 252, 264, 225, 276, 273, 230, 188, 322, 284
338, 280, 156, 201, 136, 171, 307, 287, 348, 273
459, 335, 184, 132, 264, 291, 261, 311, 157, 324
363, 347, 256, 101, 304, 170, 299, 264, 269, 228
212, 220, 311, 173, 315, 265, 179, 252, 334, 374
296, 289, 253, 227, 200, 314, 251, 228, 258, 209
335, 243, 293, 148, 269, 338, 339, 230, 274, 200
236, 204, 298, 279, 385, 231, 188, 278, 326, 271
216, 216, 309, 140, 220, 278, 187, 385, 285, 241
202, 332, 274, 284, 273, 324, 265, 380, 329, 330
293, 189, 347, 249, 248, 177, 50, 303, 213, 195
104, 319, 294, 162, 344, 276, 278, 171, 320, 325
133, 320, 343, 248, 148, 214, 280, 176, 307, 216
76, 195, 278, 196, 275, 220, 260, 299, 379, 197
263, 298, 319, 119, 223, 253, 149, 221, 426, 340
314, 259, 317, 247, 209, 177, 161, 198, 137, 211
276, 277, 284, 364, 201, 272, 212, 223, 114, 423
327, 241, 290, 168, 145, 241, 146, 220, 259, 279
209, 138, 322, 186, 269, 215, 351, 308, 300, 330
118, 116, 295, 317, 225, 217, 269, 263, 280, 290
239, 240, 222, 213, 368, 187, 290, 124, 225, 277
321, 322, 298, 194, 384, 224, 295, 383, 200, 180
182, 325, 282, 226, 229, 362, 195, 253, 200, 258
254, 265, 206, 191, 342, 272, 220, 222, 283, 209
377, 165, 186, 281, 264, 252, 129, 311, 310, 298
228, 372, 257, 204, 234, 328, 375, 124, 227, 206
354, 63, 207, 187, 280, 189, 203, 235, 428, 289
292, 260, 253, 191, 221, 195, 208, 324, 234, 265
309, 232, 140, 121, 219, 236, 270, 211, 203, 325
240, 240, 150, 265, 327, 267, 181, 318, 218, 382
143, 181, 313, 239, 251, 321, 320, 290, 163, 118
35, 293, 281, 203, 163, 177, 174, 235, 310, 308
255, 252, 231, 249, 331, 309, 263, 249, 300, 294
252, 367, 304, 109, 162, 269, 258, 244, 283, 246
285, 102, 306, 350, 390, 236, 146, 266, 252, 217
345, 190, 245, 200, 164, 270, 320, 267, 194, 264
329, 288, 159, 202, 172, 282, 284, 365, 399, 279
254, 263, 232, 190, 369, 292, 296, 205, 231, 202
235, 273, 143, 276, 396, 237, 228, 110, 223, 286
241, 290, 373, 238, 247, 203, 202, 250, 210, 105
178, 219, 200, 142, 205, 312, 254, 118, 250, 152
226, 231, 280, 286, 328, 318, 295, 343, 285, 237
356, 355, 296, 261, 327, 228, 338, 224, 366, 234
139, 123, 229, 331, 228, 232, 136, 149, 373, 191
240, 264, 312, 186, 237, 260, 247, 300, 226, 356
295, 226, 367, 221, 287, 237, 230, 242, 279, 304
247, 232, 176, 222, 210, 234, 304, 283, 320, 248
355, 103, 343, 209, 251, 241, 207, 165, 175, 211
136, 300, 235, 385, 153, 291, 290, 344, 281, 172
299, 243, 309, 156, 237, 330, 179, 374, 265, 198
286, 220, 175, 260, 324, 285, 245, 213, 98, 193
233, 387, 309, 308, 291, 257, 303, 387, 243, 53
309, 288, 188, 176, 233, 373, 354, 289, 358, 294
225, 169, 253, 324, 203, 239, 259, 337, 194, 268
67, 291, 233, 203, 296, 210, 136, 249, 97, 336
276, 331, 289, 241, 391, 319, 410, 253, 242, 236
275, 238, 247, 221, 311, 223, 197, 221, 236, 312
243, 286, 256, 198, 245, 265, 318, 326, 175, 192
148, 324, 294, 356, 170, 237, 379, 216, 274, 305
315, 268, 358, 199, 238, 343, 272, 414, 304, 305
280, 221, 284, 264, 253, 198, 356, 178, 201, 232
310, 289, 160, 201, 177, 223, 325, 86, 224, 385
216, 213, 184, 226, 241, 260, 342, 337, 259, 288
214, 207, 300, 193, 187, 173, 185, 165, 150, 177
313, 241, 278, 167, 42, 321, 135, 294, 311, 252
177, 212, 194, 146, 305, 311, 268, 262, 179, 270
115, 241, 200, 415, 130, 187, 206, 218, 229, 203
245, 258, 306, 319, 306, 267, 311, 271, 195, 246
303, 314, 277, 260, 244, 216, 237, 275, 239, 194
253, 79, 313, 188, 183, 227, 288, 286, 204, 195
201, 169, 193, 129, 178, 242, 383, 176, 316, 186
242, 364, 393, 227, 150, 142, 222, 401, 235, 179
431, 246, 237, 299, 217, 286, 331, 191, 177, 348
234, 344, 297, 314, 257, 238, 300, 334, 261, 252
151, 268, 338, 315, 178, 322, 176, 96, 315, 375
315, 214, 237, 191, 193, 164, 259, 317, 263, 281
246, 404, 402, 284, 208, 374, 121, 227, 166, 291
287, 270, 350, 211, 270, 256, 307, 213, 262, 232
311, 284, 262, 156, 203, 221, 265, 302, 327, 178
287, 394, 200, 379, 341, 354, 206, 264, 175, 306
354, 230, 364, 241, 163, 323, 213, 165, 139, 152
300, 204, 190, 239, 361, 210, 142, 267, 126, 178
228, 240, 405, 145, 288, 311, 340, 261, 132, 294
317, 223, 217, 205, 104, 293, 224, 180, 305, 172
312, 226, 311, 218, 261, 352, 274, 99, 134, 219
211, 354, 232, 233, 152, 278, 338, 294, 304, 112
253, 161, 234, 191, 241, 307, 237, 222, 254, 199
260, 447, 237, 287, 208, 345, 209, 244, 175, 311
256, 265, 182, 335, 312, 267, 221, 267, 232, 256
232, 211, 228, 370, 252, 203, 205, 349, 257, 195
151, 151, 266, 163, 152, 344, 264, 276, 371, 292
219, 293, 197, 281, 219, 352, 196, 139, 221, 292
231, 235, 198, 308, 317, 223, 157, 154, 364, 275
270, 156, 206, 107, 313, 111, 229, 221, 268, 211
287, 246, 390, 204, 322, 200, 249, 175, 203, 332
172, 316, 288, 161, 98, 360, 257, 301, 411, 232
247, 293, 231, 359, 211, 373, 138, 271, 306, 103
298, 270, 253, 245, 380, 271, 250, 248, 325, 256
326, 376, 226, 423, 216, 475, 334, 217, 266, 248
321, 216, 288, 291, 249, 261, 330, 346, 299, 231
274, 235, 325, 360, 157, 113, 179, 158, 277, 302
342, 298, 345, 179, 237, 138, 386, 218, 242, 245
265, 231, 272, 217, 249, 258, 215, 262, 236, 232
216, 265, 264, 235, 280, 105, 208, 317, 298, 232
328, 365, 295, 262, 169, 189, 340, 259, 164, 264
249, 250, 282, 233, 279, 149, 306, 249, 216, 307
239, 126, 303, 299, 375, 252, 317, 337, 350, 285
284, 256, 269, 355, 162, 250, 281, 235, 249, 290
369, 321, 287, 238, 218, 153, 347, 171, 340, 286
380, 266, 207, 130, 307, 159, 236, 210, 348, 162
181, 280, 246, 246, 244, 365, 142, 262, 186, 259
314, 260, 360, 285, 166, 213, 329, 236, 273, 183
230, 279, 368, 259, 327, 201, 239, 191, 169, 182
278, 201, 317, 338, 145, 198, 236, 252, 189, 203
278, 237, 175, 244, 271, 298, 208, 197, 171, 246
216, 363, 164, 247, 170, 274, 391, 330, 167, 300
233, 252, 207, 165, 90, 170, 262, 298, 275, 221
308, 255, 366, 210, 150, 257, 267, 284, 181, 128
217, 191, 252, 412, 306, 415, 141, 191, 221, 295
267, 296, 277, 243, 244, 381, 220, 144, 207, 206
259, 346, 296, 242, 178, 273, 178, 281, 175, 185
288, 136, 265, 153, 265, 191, 200, 104, 355, 260
198, 252, 294, 232, 200, 371, 230, 386, 175, 239
244, 325, 191, 130, 303, 219, 274, 278, 416, 430
214, 262, 260, 208, 350, 353, 158, 232, 156, 339
185, 109, 141, 341, 200, 163, 157, 198, 210, 384
300, 244, 287, 240, 352, 137, 177, 237, 193, 283
177, 285, 261, 100, 239, 288, 241, 295, 294, 134
273, 181, 273, 278, 270, 363, 290, 208, 245, 311
351, 329, 313, 339, 183, 158, 222, 202, 271, 355
298, 312, 243, 302, 252, 432, 177, 239, 315, 317
238, 230, 259, 343, 254, 236, 271, 227, 267, 312
257, 378, 251, 247, 242, 298, 170, 207, 255, 144
233, 309, 252, 217, 327, 276, 320, 175, 209, 215
236, 297, 241, 266, 132, 318, 239, 210, 251, 233
178, 323, 208, 188, 285, 181, 246, 295, 250, 230
159, 253, 386, 226, 206, 152, 294, 240, 285, 221
147, 316, 279, 240, 263, 242, 216, 202, 243, 163
190, 346, 315, 277, 326, 108, 243, 175, 338, 211
263, 308, 206, 209, 230, 124, 116, 178, 210, 198
407, 245, 390, 103, 258, 190, 261, 224, 182, 219
306, 134, 254, 176, 277, 293, 187, 302, 308, 346
231, 146, 166, 213, 137, 346, 257, 263, 240, 199
196, 272, 179, 270, 267, 175, 227, 221, 390, 209
236, 272, 393, 227, 188, 57, 290, 160, 195, 257
260, 274, 257, 288, 229, 273, 274, 243, 221, 300
314, 286, 205, 197, 253, 299, 254, 168, 250, 189
224, 228, 354, 199, 98, 130, 119, 342, 210, 323
239, 216, 170, 364, 217, 309, 61, 229, 176, 261
377, 374, 232, 347, 330, 238, 291, 325, 278, 268
365, 250, 323, 207, 222, 228, 254, 240, 233, 222
328, 257, 121, 245, 195, 372, 260, 266, 339, 260
222, 274, 183, 225, 236, 177, 289, 303, 294, 329
276, 258, 229, 399, 173, 266, 226, 321, 340, 269
188, 160, 247, 219, 286, 244, 226, 219, 292, 225
379, 259, 203, 229, 368, 232, 333, 216, 169, 353
92, 182, 233, 261, 282, 195, 121, 166, 310, 164
141, 169, 341, 224, 165, 232, 235, 245, 108, 287
276, 395, 284, 79, 264, 227, 212, 128, 349, 181
337, 202, 284, 236, 314, 279, 255, 93, 232, 322
282, 253, 258, 166, 265, 396, 274, 265, 134, 241
308, 262, 269, 244, 351, 284, 255, 283, 215, 204
